859519
678257
518981
494707
371391
303295
296624
295199
217920
214887
202073
196804
195310
169704
162048
161089
159726
119952
109582
106519
96490
94418
92185
89874
85567
84609
84323
83730
83789
81896
78544
73917
72524
72133
68156
66591
63601
60669
60124
59004
58713
58654
58338
58481
57300
57374
56559
55210
52328
52169
49773
49379
49554
48472
47320
47171
47048
45787
45965
44648
43467
43247
43063
42781
42650
42257
39842
38538
38932
37796
36455
36008
36163
35946
35550
34729
34128
34129
33904
33695
32913
32592
32474
32171
32121
31875
31944
30772
30933
30468
30378
30461
30431
30250
29719
29465
29313
29137
28953
28944
28922
28862
27766
27793
27587
27157
27217
26861
26405
26473
26015
24673
24583
24798
24482
23489
23173
22856
22489
22570
22144
21633
21523
21477
20952
20589
20589
20187
20157
19929
19324
19740
19669
19604
19205
19023
18878
18696
18568
18603
18477
18292
17834
18059
17994
17958
17960
17768
17862
17309
17329
17220
17134
17008
16992
16983
16897
16865
16801
16666
16564
16556
16331
16044
16107
15936
15937
15786
15663
15603
15673
15169
15007
15122
14846
14867
14551
14442
14605
14527
14332
14255
14303
14180
14180
14048
14067
14050
14009
13884
13751
13599
13470
13409
13340
13133
13071
12959
12995
12931
12975
12922
12922
12881
12796
12595
12513
12560
12490
12426
12329
12219
12123
12114
12136
12077
12064
11948
12037
11964
11759
11737
11625
11710
11592
11493
11508
11491
11491
11436
11441
11319
11309
11119
11162
11161
11120
10955
11002
10971
10911
10787
10891
10824
10744
10761
10765
10619
10674
10610
10567
10486
10442
10378
10273
10104
9992
10036
10117
9962
9756
9780
9611
9709
9703
9667
9525
9443
9473
9410
9416
9359
9269
8959
9200
9001
9068
9026
8976
8955
8765
8726
8837
8740
8657
8699
8673
8488
8511
8366
8446
8417
8316
8285
8256
8204
8205
8029
7897
7930
7865
7812
7786
7773
7665
7509
7548
7535
7454
7469
7421
7334
7353
7326
7177
7284
7126
7178
7243
7087
7063
7083
6942
7024
6985
6968
6932
6940
6853
6829
6784
6825
6814
6790
6803
6733
6752
6691
6757
6699
6676
6587
6610
6612
6581
6561
6564
6345
6470
6473
6388
6336
6418
6385
6372
6317
6300
6269
6219
6285
6240
6223
6201
6171
6089
6085
6079
6088
6005
6011
5973
5968
5953
5753
5935
5939
5921
5889
5872
5762
5842
5805
5837
5844
5773
5825
5710
5741
5723
5645
5400
5572
5529
5508
5459
5428
5378
5391
5338
5312
5364
5324
5320
5312
5252
5294
5275
5219
5241
5235
5191
5111
5197
5177
5139
5124
5117
5102
5035
5001
5039
5033
5007
4996
5002
4961
4971
4977
4969
4948
4934
4847
4862
4901
4836
4871
4852
4840
4768
4802
4781
4772
4772
4724
4733
4730
4725
4691
4678
4667
4655
4620
4628
4550
4610
4529
4545
4550
4505
4488
4444
4403
4385
4297
4379
4387
4386
4363
4345
4324
4303
4311
4308
4264
4231
4258
4219
4205
4185
4155
4165
4059
4131
4129
4128
4117
4086
4098
4061
4056
4013
3975
3999
3954
3940
3716
3875
3883
3843
3855
3838
3810
3781
3772
3751
3755
3741
3736
3720
3711
3688
3650
3697
3694
3639
3676
3671
3664
3643
3645
3616
3642
3592
3570
3585
3578
3569
3566
3565
3545
3405
3548
3529
3517
3501
3509
3502
3484
3478
3474
3461
3449
3450
3440
3369
3416
3420
3384
3339
3386
3361
3358
3338
3340
3338
3276
3322
3325
3306
3305
3314
3301
3285
3260
3291
3264
3275
3231
3114
3232
3194
3223
3235
3150
3197
3187
3211
3184
3192
3187
3193
3188
3185
3136
3127
3123
3112
3121
3080
3113
3103
3089
3009
3055
3057
3026
3059
3050
3051
3007
3044
3000
3013
3011
3008
2993
3006
2997
2975
2961
2942
2981
2959
2958
2931
2939
2923
2943
2924
2933
2937
2931
2905
2896
2914
2912
2916
2901
2896
2890
2869
2892
2857
2862
2869
2855
2847
2849
2840
2855
2840
2825
2841
2814
2830
2786
2825
2820
2795
2793
2781
2729
2772
2771
2749
2769
2741
2702
2731
2742
2732
2711
2713
2711
2710
2668
2703
2650
2674
2641
2653
2656
2601
2644
2577
2628
2610
2612
2608
2594
2588
2574
2564
2571
2568
2555
2569
2558
2547
2554
2538
2540
2520
2498
2479
2518
2513
2498
2509
2472
2506
2486
2482
2395
2490
2465
2453
2478
2473
2438
2398
2446
2454
2444
2447
2447
2440
2435
2423
2426
2421
2416
2394
2406
2398
2386
2392
2388
2292
2363
2355
2352
2347
2342
2336
2326
2327
2318
2320
2314
2323
2313
2311
2305
2295
2295
2284
2283
2277
2281
2251
2224
2244
2224
2240
2217
2207
2233
2223
2216
2218
2214
2212
2185
2194
2149
2155
2176
2173
2155
2174
2164
2094
2153
2152
2161
2159
2157
2071
2141
2141
2118
2129
2142
2129
2125
2128
2094
2107
2092
2107
2115
2102
2109
2104
2104
2109
2079
2107
2102
2095
2098
2096
2091
2077
2087
2079
2079
2079
2058
2049
2049
2046
2029
2035
2018
2017
2026
2023
2018
2001
2004
1989
1992
1978
1972
1967
1981
1916
1976
1975
1932
1957
1931
1943
1948
1928
1939
1933
1930
1923
1933
1932
1930
1917
1924
1925
1898
1920
1911
1893
1902
1906
1891
1902
1887
1889
1893
1879
1891
1883
1883
1881
1864
1875
1863
1862
1861
1859
1851
1852
1847
1851
1855
1847
1841
1816
1836
1837
1835
1829
1819
1828
1829
1829
1828
1816
1819
1825
1814
1824
1818
1795
1817
1818
1797
1807
1801
1780
1801
1794
1789
1773
1785
1782
1781
1786
1784
1769
1773
1767
1760
1763
1736
1756
1757
1756
1735
1748
1751
1742
1736
1746
1742
1740
1735
1729
1711
1737
1701
1671
1718
1718
1720
1726
1691
1726
1694
1703
1703
1690
1674
1676
1691
1683
1690
1683
1683
1671
1626
1659
1661
1663
1655
1664
1595
1654
1641
1643
1644
1608
1641
1631
1619
1623
1636
1628
1624
1626
1617
1616
1618
1621
1613
1612
1603
1611
1615
1597
1608
1581
1602
1605
1602
1595
1597
1592
1578
1585
1583
1584
1520
1575
1567
1482
1573
1570
1574
1566
1542
1553
1549
1553
1550
1541
1546
1551
1544
1457
1535
1531
1531
1530
1512
1531
1526
1522
1516
1516
1521
1519
1513
1518
1517
1514
1481
1492
1500
1489
1484
1472
1489
1487
1486
1479
1465
1473
1473
1464
1461
1439
1463
1455
1461
1458
1457
1433
1448
1444
1437
1447
1448
1445
1440
1445
1434
1433
1432
1419
1418
1423
1421
1422
1420
1422
1411
1385
1419
1409
1395
1407
1411
1412
1409
1405
1396
1373
1392
1397
1385
1382
1380
1372
1370
1364
1366
1364
1340
1360
1360
1332
1347
1347
1353
1346
1346
1350
1341
1344
1322
1339
1324
1334
1335
1332
1326
1324
1319
1326
1311
1313
1312
1318
1305
1315
1313
1303
1301
1289
1312
1294
1301
1288
1292
1286
1291
1289
1296
1297
1292
1290
1280
1282
1264
1272
1280
1280
1281
1282
1277
1271
1273
1278
1267
1273
1271
1216
1267
1260
1258
1254
1245
1260
1259
1256
1253
1252
1215
1246
1242
1239
1242
1237
1224
1233
1219
1233
1228
1231
1229
1230
1226
1225
1220
1224
1218
1220
1207
1211
1207
1199
1202
1192
1206
1193
1197
1205
1197
1177
1198
1166
1199
1191
1192
1197
1150
1187
1179
1175
1178
1142
1160
1162
1147
1172
1172
1153
1165
1167
1166
1129
1153
1160
1157
1149
1140
1151
1123
1146
1148
1148
1147
1115
1143
1141
1141
1135
1131
1128
1134
1133
1126
1117
1125
1114
1121
1111
1120
1112
1093
1110
1098
1108
1100
1094
1108
1104
1104
1101
1104
1098
1102
1086
1102
1091
1034
1098
1096
1095
1097
1094
1091
1026
1061
1083
1085
1082
1086
1084
1082
1077
1080
1080
1054
1075
1065
1069
1064
1068
1071
1067
1062
1063
1063
1063
1051
1058
1055
1054
1040
1044
1036
1055
1047
1053
1049
1047
1047
1048
1046
1044
1040
1042
1040
1028
1008
1035
1034
1041
1027
1032
1034
1033
1030
1033
1027
1033
998
1029
1027
1029
1025
1024
1018
1016
1020
1019
1017
1013
1017
1000
1002
1013
1008
955
995
979
998
994
998
995
1001
988
929
993
993
994
990
995
992
991
967
985
979
982
980
971
978
964
974
974
974
976
966
891
967
966
961
964
960
950
960
934
942
928
952
943
951
947
949
947
946
943
944
942
944
943
942
940
937
941
939
920
937
936
936
933
925
931
904
929
926
928
929
921
924
925
921
924
908
921
916
918
915
916
916
913
867
917
915
909
912
911
904
905
898
899
891
895
898
880
890
888
888
876
888
888
889
882
880
882
875
878
872
867
866
874
878
876
875
873
853
871
865
855
869
867
861
866
858
867
857
841
864
860
860
863
861
860
848
849
837
854
857
834
853
830
830
851
851
841
841
831
842
842
836
839
840
833
836
837
839
836
835
834
818
835
834
827
826
824
826
827
826
826
822
807
824
820
825
822
824
825
814
817
816
814
819
816
805
811
814
810
810
811
808
807
805
795
807
802
804
802
806
803
801
803
799
791
797
796
799
786
792
797
798
798
792
796
789
782
789
744
788
784
778
774
786
783
784
777
747
777
776
764
770
774
778
776
772
773
771
765
749
769
769
766
767
763
768
762
751
767
763
765
754
748
765
763
762
763
753
764
757
763
761
760
762
759
758
757
756
715
747
753
753
754
753
746
722
733
755
750
753
750
745
750
748
739
746
748
747
747
724
743
744
743
742
720
743
743
738
732
736
732
732
733
731
723
731
732
734
712
724
729
728
725
722
725
721
728
726
724
723
721
722
724
716
721
716
718
717
718
714
718
718
716
710
713
708
713
707
710
706
705
703
705
701
703
683
689
701
701
698
699
702
697
699
698
697
696
698
694
696
674
691
694
693
658
690
694
691
686
691
688
687
680
689
655
687
686
656
685
685
682
681
678
684
685
666
684
685
684
684
682
683
681
682
680
680
681
679
677
673
677
678
674
677
673
675
674
675
673
668
670
665
663
672
669
663
658
668
667
666
649
666
664
665
658
658
661
658
658
657
637
658
653
657
656
653
649
649
651
653
652
649
649
648
648
642
644
643
642
622
644
644
643
644
629
641
627
641
642
641
640
639
610
639
637
640
637
639
638
635
637
636
634
634
632
623
631
633
633
633
632
623
614
630
631
628
628
626
628
627
626
628
622
624
624
574
607
615
606
614
610
603
604
616
612
612
613
613
612
611
611
610
609
609
609
610
608
607
600
609
598
606
607
606
597
606
606
605
606
603
600
601
602
603
600
603
603
593
601
597
597
595
599
597
584
590
595
593
594
594
593
591
593
588
591
594
590
586
588
585
584
587
587
588
589
586
582
584
582
586
584
585
584
578
571
582
582
576
580
578
577
577
576
572
572
576
575
575
571
569
572
571
573
572
567
555
563
570
572
569
567
570
568
552
564
568
565
569
568
567
557
567
564
566
560
562
563
559
563
562
564
562
561
561
561
560
559
537
559
558
559
558
559
559
558
558
557
553
557
552
556
557
556
557
551
553
551
552
550
552
552
538
544
547
538
545
547
543
547
546
545
546
546
520
544
545
546
544
543
521
540
542
539
539
530
539
537
539
537
537
538
516
535
535
527
534
534
533
528
531
530
529
528
527
528
531
528
528
526
526
527
526
519
519
521
522
521
521
522
520
515
518
518
493
518
510
502
517
518
519
517
517
513
515
517
510
512
517
512
516
515
508
514
514
513
503
514
508
512
513
499
510
511
510
508
512
507
511
501
499
504
507
505
498
505
503
508
503
504
506
499
502
502
501
501
505
502
462
504
502
500
499
493
502
497
496
495
499
495
496
495
498
499
494
497
492
498
499
493
497
495
495
495
496
494
494
494
490
491
479
494
483
492
492
493
494
492
490
490
491
491
491
483
489
487
491
486
489
488
488
487
487
483
486
481
485
484
485
486
484
486
484
482
486
485
480
480
480
478
484
483
481
454
480
478
481
481
479
476
476
478
417
471
475
474
476
476
474
474
474
470
471
474
472
471
472
471
472
465
469
469
468
471
468
468
471
467
468
456
469
468
469
466
459
464
468
468
468
458
465
467
464
460
466
443
464
466
466
466
464
465
464
464
456
462
461
461
463
463
461
457
458
458
459
462
461
461
460
459
460
451
457
456
457
455
458
453
456
455
455
452
452
454
451
452
447
451
450
451
416
438
427
451
449
451
450
451
451
445
447
450
449
449
423
447
449
449
450
448
449
446
446
445
448
445
446
448
432
438
446
443
446
444
445
445
445
440
446
445
445
445
442
444
442
444
442
442
443
423
443
441
440
441
440
440
438
439
441
440
433
440
438
439
438
437
438
432
436
437
437
435
435
433
434
429
434
398
434
434
431
431
436
433
432
430
430
412
424
431
432
429
429
429
429
429
429
429
427
429
428
420
426
427
427
425
421
425
420
421
421
423
422
422
421
421
415
414
419
422
421
418
419
417
420
418
417
412
416
416
409
416
416
415
413
415
416
412
412
411
415
414
400
413
413
411
411
412
407
409
401
410
410
410
410
409
408
410
409
407
408
408
403
408
409
407
408
408
407
404
405
406
404
407
406
405
404
403
403
401
404
404
403
404
400
401
402
398
388
400
399
400
401
396
397
396
398
399
398
398
399
399
395
397
396
396
392
397
394
396
394
395
372
394
395
391
393
394
394
394
392
390
389
393
393
392
391
393
388
391
392
389
391
391
391
390
387
389
388
387
362
388
387
388
386
385
386
384
384
387
385
346
386
379
382
382
385
383
373
383
383
380
383
381
377
381
383
382
377
378
377
380
380
380
380
381
380
379
379
379
378
377
378
378
378
377
376
378
377
378
377
378
332
371
372
376
377
373
376
374
375
372
371
374
373
375
372
372
371
368
367
370
371
370
367
371
370
361
370
369
370
371
369
370
371
368
366
369
369
370
366
370
346
369
368
368
368
365
353
365
368
366
367
366
366
364
363
363
362
366
367
358
363
363
362
362
363
360
362
362
359
363
362
358
360
361
361
362
361
346
357
360
357
359
358
360
360
359
360
358
357
357
357
357
358
357
352
357
355
355
357
356
355
356
356
354
356
356
355
354
353
355
355
355
354
340
352
354
354
351
352
353
350
351
350
352
352
352
351
348
345
348
346
347
343
345
349
347
346
337
348
343
345
347
347
344
345
347
346
347
344
346
342
345
345
343
343
345
346
340
344
343
342
342
344
342
345
343
341
321
340
342
340
343
343
342
340
341
336
338
340
339
338
339
318
339
338
339
336
335
338
335
336
337
337
329
336
335
333
333
336
335
334
324
334
335
334
333
334
328
333
333
332
333
333
333
329
331
332
332
330
331
331
331
331
329
329
328
330
329
328
330
328
328
326
328
328
328
325
328
325
324
327
325
323
326
325
325
324
314
323
322
323
325
310
325
323
325
324
318
322
324
321
321
323
321
320
320
323
312
323
319
323
318
320
321
317
321
319
322
322
315
308
319
318
311
320
315
317
319
320
315
320
316
317
320
318
319
319
319
313
314
319
307
317
314
317
317
312
316
316
317
314
311
314
316
316
313
315
315
316
312
313
315
313
310
312
314
310
312
312
312
313
312
313
310
312
311
312
310
312
312
306
311
309
311
311
311
309
308
310
311
308
307
308
305
304
308
283
305
280
308
307
305
305
304
306
307
304
305
306
305
306
304
304
305
302
277
305
303
302
303
302
304
305
301
305
305
303
304
302
302
304
303
302
304
303
303
304
299
300
303
288
301
299
302
302
299
301
299
283
282
301
296
294
300
294
299
299
300
299
297
297
299
299
299
296
298
295
297
294
296
296
294
296
293
288
293
293
292
294
294
293
290
291
293
295
292
293
292
282
291
293
287
291
292
292
291
292
288
292
291
292
288
289
291
290
291
291
290
286
289
290
288
290
290
285
287
289
289
285
289
286
285
286
286
287
287
285
283
287
285
281
286
285
286
285
285
286
285
285
282
281
284
279
279
284
284
282
283
284
282
281
283
265
282
283
282
281
274
281
266
281
279
281
279
280
271
281
281
277
279
280
277
281
279
281
278
279
280
280
279
276
280
280
280
279
278
279
276
271
276
277
268
278
276
278
274
275
278
274
277
276
275
274
236
276
275
276
275
276
276
273
274
275
274
273
272
265
273
274
274
273
274
272
266
274
274
271
273
271
272
273
272
272
270
266
272
271
272
271
271
268
268
268
268
268
270
268
269
269
267
264
258
268
269
269
268
267
266
257
263
266
268
267
269
266
265
265
263
267
267
267
267
266
265
265
266
248
264
263
263
265
265
265
263
261
262
264
258
264
260
262
263
262
262
263
261
262
261
262
263
259
259
262
259
259
261
262
258
258
257
257
261
260
256
258
260
260
260
254
258
259
257
259
258
259
259
259
258
259
259
259
260
255
257
257
258
257
258
257
255
258
254
252
256
256
257
255
257
257
256
255
256
248
255
250
255
256
252
253
252
253
254
255
254
253
254
249
236
252
253
250
253
253
250
252
252
252
252
251
251
252
252
249
249
251
246
251
250
251
251
251
250
251
240
249
248
250
249
248
247
249
248
246
248
249
249
246
248
245
248
248
246
245
248
248
247
246
247
245
247
247
247
247
247
239
246
243
246
243
246
246
246
245
246
246
245
242
243
245
245
245
244
245
230
244
217
244
244
244
244
242
244
244
244
243
241
240
241
235
243
243
243
242
241
242
241
241
241
239
242
238
241
241
238
241
241
237
241
238
239
238
236
207
240
238
240
237
239
237
238
238
238
239
237
237
235
238
237
236
237
238
238
237
237
237
237
236
233
237
236
236
236
234
236
236
237
234
235
236
236
235
232
235
235
235
232
234
231
231
235
235
235
235
235
222
234
231
234
231
233
230
232
233
229
228
233
231
232
232
231
233
231
232
229
232
232
231
228
232
231
232
231
231
226
230
228
230
230
229
230
230
229
230
230
230
227
230
230
230
228
230
227
224
229
228
228
225
229
229
228
228
227
228
229
228
226
228
227
228
226
226
227
226
225
228
227
227
226
225
226
227
224
226
226
225
225
225
223
225
225
225
224
223
225
225
223
222
225
205
224
222
222
218
224
221
222
222
220
219
221
222
222
222
217
221
220
222
220
222
217
218
217
221
222
221
222
221
219
221
223
222
220
221
221
219
221
220
221
221
213
220
220
220
220
220
220
219
218
218
218
218
219
219
218
217
218
218
219
217
218
219
216
218
219
218
216
218
216
217
217
218
217
215
214
215
217
216
217
216
201
214
216
217
215
216
214
216
216
215
204
209
215
212
214
212
209
214
202
210
213
215
214
214
211
213
214
211
213
213
212
209
211
212
212
213
213
211
211
212
212
211
212
213
211
210
209
211
211
210
210
210
207
208
210
205
209
209
208
210
203
207
210
206
207
205
206
210
209
210
209
208
206
208
209
208
207
207
208
204
207
206
208
196
208
208
208
207
207
207
205
205
207
207
206
194
203
205
206
202
205
205
205
206
206
206
205
203
206
205
202
204
205
203
202
204
205
205
201
203
204
203
204
201
203
202
203
204
204
196
201
204
204
204
203
202
203
202
201
199
202
203
203
203
203
201
202
202
202
202
198
200
202
201
200
201
200
199
200
201
201
198
200
199
198
199
199
194
199
197
195
198
199
179
199
197
198
197
199
198
197
198
197
197
197
197
198
196
196
197
197
196
195
197
195
196
195
196
194
168
195
196
194
179
196
196
195
195
195
194
195
194
194
195
191
192
194
192
193
194
191
192
190
194
194
193
192
192
192
191
181
193
191
192
192
193
185
192
189
191
190
192
190
188
190
195
192
192
192
185
189
191
189
189
182
190
189
191
191
190
190
175
190
190
189
188
187
189
188
187
189
188
189
188
189
189
187
188
187
182
187
188
185
186
188
186
176
186
188
188
182
186
185
185
187
187
186
186
179
184
185
186
185
187
186
187
184
186
185
186
186
185
185
184
182
184
172
185
184
184
181
184
183
184
184
180
184
183
183
183
183
181
184
183
182
184
183
183
181
183
182
182
181
181
182
183
180
178
183
182
182
183
182
182
182
179
181
180
181
181
172
181
181
181
181
180
181
181
181
175
180
181
179
177
180
179
179
178
176
180
178
179
179
179
179
179
179
179
178
179
174
178
178
172
177
178
177
177
177
176
178
176
177
178
177
172
176
175
176
177
174
177
176
176
177
176
177
177
174
176
175
175
175
176
176
176
175
175
176
176
176
176
174
176
172
175
175
175
172
175
166
173
175
166
172
175
171
174
173
173
173
170
174
172
174
174
172
173
173
173
173
173
173
167
170
168
174
172
171
172
172
168
172
171
172
172
172
169
172
149
171
172
172
171
169
169
170
169
170
171
171
171
169
172
171
170
169
170
169
168
168
168
170
169
170
169
170
168
170
168
168
168
167
169
169
168
167
169
169
169
168
168
168
167
167
168
164
168
167
167
167
167
167
164
167
167
166
167
166
165
166
165
165
166
166
166
166
166
165
165
159
163
165
163
164
165
164
165
165
165
164
165
165
165
165
165
160
164
164
162
164
162
164
164
164
164
164
164
164
159
162
163
161
163
163
163
161
163
162
158
163
162
163
162
160
161
161
162
162
160
162
157
160
161
158
161
161
160
161
160
159
160
161
160
145
159
156
160
157
157
160
160
159
160
155
158
160
158
158
159
159
155
159
159
158
158
159
159
159
157
158
158
157
158
157
158
155
158
158
157
157
156
155
154
156
157
157
153
152
157
157
156
157
157
156
156
156
155
155
155
155
156
155
156
149
156
154
155
154
154
146
153
154
153
154
153
152
135
153
154
153
153
153
154
153
153
153
154
145
153
151
153
151
153
153
152
153
151
153
152
151
151
150
151
152
151
151
150
150
150
146
142
151
149
150
151
151
151
151
150
151
150
151
151
151
151
151
150
148
150
149
149
150
150
149
150
132
150
150
149
150
150
150
149
147
148
148
149
147
149
149
149
149
147
149
149
150
149
148
149
147
148
145
148
148
147
147
148
147
147
147
146
148
146
144
144
146
147
146
147
147
145
146
147
142
131
147
145
145
141
138
138
144
146
144
144
145
144
144
144
143
145
123
145
144
144
145
145
143
145
139
144
144
143
144
144
144
144
142
144
143
142
118
140
143
143
143
142
142
142
139
143
143
141
141
143
136
141
142
138
142
141
137
140
140
141
141
141
139
139
136
141
141
141
141
140
140
136
140
140
139
138
140
138
137
140
138
138
138
139
137
138
139
138
136
139
137
139
137
138
138
135
136
137
138
136
138
135
136
137
137
137
137
137
136
137
137
137
136
135
135
136
135
136
136
136
136
133
134
135
135
134
135
135
134
134
133
135
130
133
133
126
134
134
133
130
133
132
133
133
114
133
133
133
130
133
134
133
129
131
131
131
131
131
131
131
131
131
131
131
130
129
118
126
129
130
119
129
127
128
128
129
128
118
127
123
121
128
127
128
126
128
128
125
128
127
128
127
126
127
127
124
127
126
120
125
119
126
127
125
126
126
124
126
125
123
122
124
123
124
121
123
120
107
123
105
122
119
120
122
120
122
122
121
121
121
120
121
120
115
120
119
119
119
115
119
111
117
118
118
118
118
117
114
115
114
116
116
114
114
110
109
106
110
111
111
111
110
111
110
109
109
108
106
108
102
108
107
106
107
106
105
103
104
97
94
101
102
90
101
99
100
