1104632
871780
666950
636710
477314
390286
381002
379612
280676
276075
259745
253237
251180
218146
208307
207255
205322
154495
140814
136502
124073
121670
118554
115521
109765
108977
108665
107765
107786
105314
101302
95211
93326
92700
87165
85525
81860
77861
77179
76091
75529
75398
75114
75278
73843
73514
72750
71186
67171
66963
63923
63179
63938
62392
60977
60538
60497
59039
59183
57430
56068
55651
55392
54973
54774
54530
51266
49515
50073
48583
46915
46235
46461
46187
45650
44521
44095
43945
43552
43430
42352
41958
41720
41347
41231
40810
40929
39421
39716
39041
39194
39058
39262
38979
38047
37841
37686
37561
37193
37278
37081
37171
35762
35671
35543
34964
34931
34487
33929
34130
33469
31741
31643
31914
31186
30289
29730
29393
28649
28977
28502
27713
27600
27627
26913
26512
26516
25717
25915
25462
24671
25492
25299
25288
24750
24569
24274
24049
24063
23866
23804
23484
22871
23140
23041
23085
23176
22828
22866
22313
22275
22075
21981
21880
21923
21809
21794
21570
21612
21408
21351
21291
21029
20636
20630
20345
20596
20315
20167
20120
20198
19484
19291
19533
19201
19009
18637
18520
18827
18742
18432
18157
18337
18262
18371
18132
18118
18008
17947
17808
17686
17463
17342
17278
16991
16964
16895
16680
16701
16602
16574
16586
16670
16599
16361
16103
16065
16066
16116
15867
15808
15810
15574
15555
15514
15453
15438
15448
15504
15366
15091
15035
14916
14974
14924
14872
14793
14841
14821
14764
14571
14566
14510
14303
14415
14289
14297
14184
14102
14032
14048
13947
14066
13957
13901
13911
13915
13658
13705
13740
13640
13547
13358
13360
13068
13006
12769
12968
12949
12796
12447
12445
12333
12545
12497
12366
12334
12096
12208
12096
12093
12025
11965
11458
11749
11575
11639
11629
11575
11466
11294
11164
11335
11208
11109
11188
11132
10950
10972
10776
10804
10806
10615
10599
10558
10538
10574
10118
10157
10142
10115
10046
9967
9928
9838
9620
9738
9662
9565
9599
9494
9452
9386
9294
9124
9334
9262
9170
9328
9118
9148
8985
8898
8912
8963
8975
8915
8865
8851
8736
8739
8795
8722
8702
8660
8530
8641
8644
8667
8705
8633
8542
8473
8506
8453
8425
8488
8193
8318
8333
8269
8088
8215
8184
8111
8188
8207
8032
8009
8038
7999
7970
7829
7921
7842
7866
7827
7817
7717
7727
7739
7666
7697
7359
7632
7599
7566
7649
7587
7382
7464
7498
7506
7541
7455
7424
7319
7365
7343
7226
6968
7172
7126
7106
7092
7012
6924
6956
6896
6772
6923
6841
6815
6700
6716
6818
6745
6721
6838
6711
6627
6592
6619
6602
6552
6582
6631
6499
6471
6444
6459
6460
6439
6386
6459
6393
6436
6425
6423
6360
6395
6256
6284
6336
6168
6332
6255
6223
6115
6108
6183
6134
6222
6030
6105
6036
6093
6024
6057
5979
5970
5910
5903
5944
5969
5849
5748
5813
5797
5777
5748
5703
5649
5449
5610
5634
5658
5675
5569
5646
5578
5497
5499
5557
5499
5471
5409
5418
5407
5368
5381
5190
5379
5309
5283
5337
5295
5239
5203
5244
5163
5121
5123
5099
5072
4787
5038
4987
4929
4963
4892
4824
4859
4838
4772
4885
4843
4817
4765
4767
4783
4623
4771
4776
4676
4758
4689
4707
4629
4664
4648
4704
4617
4662
4678
4620
4565
4563
4598
4533
4372
4583
4489
4538
4518
4528
4512
4470
4481
4437
4415
4393
4457
4367
4357
4398
4341
4346
4292
4327
4370
4322
4288
4290
4304
4197
4234
4305
4285
4226
4285
4265
4232
4215
4236
4187
4136
4187
3994
4118
4101
4174
4162
4080
4091
4065
4121
4075
4055
4102
4117
4069
4096
4081
3980
3965
3970
4032
3997
4029
3990
3958
3838
3929
3945
3923
3933
3949
3908
3895
3915
3900
3901
3893
3820
3847
3821
3896
3877
3811
3742
3800
3726
3813
3765
3788
3725
3775
3810
3735
3796
3743
3714
3705
3764
3771
3762
3697
3718
3702
3638
3746
3683
3696
3706
3650
3597
3601
3632
3609
3650
3627
3617
3652
3633
3537
3618
3629
3563
3570
3574
3555
3488
3538
3512
3563
3518
3455
3448
3519
3551
3484
3541
3489
3428
3439
3481
3373
3436
3391
3355
3414
3356
3359
3252
3411
3394
3302
3371
3350
3336
3288
3297
3281
3299
3296
3334
3370
3208
3274
3242
3227
3242
3177
3199
3214
3240
3208
3232
3166
3197
3227
3154
3053
3184
3206
3184
3230
3208
3119
3114
3142
3112
3077
3129
3187
3100
3104
3200
3102
3097
3110
3048
3093
3045
3053
3088
3093
2981
3072
3078
3007
3021
3016
3009
2946
3024
2985
2999
3016
2990
2957
3023
2985
2972
2957
2957
2897
2940
2948
2930
2833
2922
2845
2874
2868
2832
2830
2879
2842
2791
2866
2836
2839
2817
2763
2791
2796
2750
2817
2789
2808
2696
2746
2739
2774
2741
2795
2704
2730
2737
2735
2770
2673
2722
2693
2713
2687
2731
2681
2683
2745
2692
2699
2701
2682
2689
2654
2730
2670
2681
2700
2688
2638
2691
2671
2661
2694
2641
2651
2635
2633
2610
2628
2618
2654
2617
2603
2580
2568
2561
2556
2502
2599
2530
2503
2542
2535
2489
2531
2542
2471
2501
2448
2495
2557
2479
2534
2484
2513
2500
2457
2488
2524
2466
2482
2484
2459
2481
2462
2440
2424
2454
2448
2498
2427
2372
2445
2365
2415
2447
2422
2390
2369
2388
2432
2383
2393
2346
2377
2390
2383
2394
2409
2366
2361
2345
2321
2388
2341
2347
2326
2386
2353
2380
2329
2308
2298
2344
2338
2364
2349
2293
2420
2345
2310
2305
2270
2279
2334
2297
2302
2288
2314
2294
2287
2298
2258
2288
2306
2247
2275
2249
2242
2255
2232
2239
2200
2217
2251
2231
2251
2226
2205
2184
2222
2156
2200
2258
2165
2160
2177
2235
2214
2205
2149
2203
2132
2204
2180
2162
2169
2149
2148
2145
2148
2163
2177
2121
2094
2126
2145
2113
2090
2129
2014
2143
2119
2075
2142
2046
2102
2090
2097
2089
2086
2072
2081
2108
2081
2043
2053
2094
2041
2070
2038
2064
2060
2026
2054
2017
2068
2073
2049
2055
2046
2034
2059
2031
2029
2031
1965
2047
2007
1912
2041
2023
1997
1979
1977
1976
1950
1958
2018
1937
1962
1977
1934
1882
1963
1948
1954
1973
1964
1997
1955
1953
1944
1941
1961
1982
1998
1969
1986
1957
1896
1922
1868
1905
1925
1886
1928
1910
1910
1929
1907
1884
1932
1909
1884
1855
1871
1897
1866
1873
1869
1861
1814
1830
1875
1840
1834
1848
1845
1853
1834
1843
1839
1833
1853
1842
1807
1889
1830
1873
1816
1796
1808
1820
1763
1792
1817
1829
1788
1798
1831
1771
1819
1813
1794
1763
1814
1737
1755
1729
1767
1728
1711
1766
1705
1677
1719
1695
1740
1775
1712
1740
1714
1743
1700
1728
1761
1709
1743
1704
1708
1689
1660
1709
1683
1685
1680
1678
1670
1707
1649
1669
1696
1625
1669
1650
1678
1631
1668
1621
1674
1675
1651
1695
1644
1664
1657
1633
1578
1629
1691
1618
1657
1659
1664
1643
1640
1631
1612
1640
1622
1591
1654
1650
1608
1598
1603
1620
1634
1632
1627
1623
1541
1595
1568
1592
1585
1595
1553
1579
1560
1626
1582
1558
1554
1582
1594
1558
1580
1549
1564
1550
1499
1535
1560
1536
1547
1544
1558
1545
1507
1561
1566
1544
1533
1464
1576
1531
1536
1557
1444
1532
1535
1472
1487
1488
1501
1499
1497
1461
1517
1501
1519
1518
1496
1474
1482
1488
1451
1488
1442
1495
1431
1469
1493
1452
1478
1408
1504
1490
1476
1473
1482
1461
1478
1468
1423
1429
1450
1493
1416
1443
1461
1439
1416
1434
1392
1443
1374
1384
1426
1407
1452
1396
1442
1404
1389
1419
1408
1396
1328
1399
1390
1399
1385
1380
1382
1352
1374
1387
1421
1360
1414
1385
1407
1350
1382
1408
1343
1338
1360
1382
1371
1370
1360
1349
1374
1364
1356
1346
1337
1389
1379
1360
1317
1346
1301
1345
1325
1329
1325
1328
1338
1357
1389
1353
1307
1325
1325
1310
1279
1343
1333
1313
1294
1332
1293
1346
1328
1335
1336
1325
1293
1331
1319
1311
1314
1336
1303
1298
1318
1313
1319
1287
1299
1278
1282
1317
1297
1243
1255
1257
1253
1291
1268
1270
1261
1288
1203
1310
1284
1304
1262
1288
1279
1293
1252
1246
1243
1272
1270
1241
1298
1228
1247
1236
1297
1291
1260
1166
1253
1260
1234
1242
1225
1207
1233
1180
1186
1162
1220
1220
1195
1193
1269
1220
1184
1234
1226
1226
1250
1217
1220
1209
1200
1209
1240
1189
1188
1179
1207
1185
1155
1179
1147
1176
1173
1190
1181
1192
1187
1195
1169
1209
1165
1156
1217
1186
1204
1151
1209
1154
1108
1158
1179
1151
1195
1181
1141
1161
1145
1154
1134
1130
1125
1152
1185
1157
1120
1095
1135
1124
1144
1107
1142
1109
1112
1124
1136
1133
1134
1114
1104
1117
1137
1135
1104
1140
1136
1177
1105
1094
1110
1120
1100
1112
1141
1134
1107
1075
1103
1100
1100
1098
1094
1084
1103
1088
1112
1072
1101
1044
1026
1090
1093
1095
1096
1084
1075
1088
1068
1085
1070
1087
1065
1093
1086
1060
1066
1036
1029
1086
1073
1041
1050
1030
1064
1051
1070
1104
1049
1042
1049
1048
1067
1072
1037
1090
1025
1070
1027
1050
1048
1032
1038
1039
1045
1039
1047
1029
1023
1039
1043
1003
1070
1020
1043
1030
1039
995
1031
1039
1011
1045
1046
1045
1028
1011
1051
1030
1009
1031
1028
995
998
1036
1017
935
1038
988
1005
980
1007
978
1052
976
933
1007
995
985
998
986
1012
1000
998
1004
1017
1008
974
984
979
975
1006
971
970
989
964
996
934
950
957
957
964
996
987
981
971
975
994
973
953
958
974
955
972
956
969
935
923
961
951
968
959
964
939
935
980
942
956
947
952
964
983
929
922
961
971
958
950
943
953
946
959
938
973
966
969
945
944
950
919
939
931
954
982
935
934
937
926
936
953
946
904
922
920
929
947
919
929
892
940
900
926
951
935
903
881
888
934
925
907
924
901
901
918
907
881
930
902
895
895
906
897
923
858
854
882
906
886
886
894
902
892
894
889
893
904
890
906
860
889
894
878
865
903
895
877
891
890
861
864
872
896
847
896
878
844
888
904
882
867
856
877
880
858
871
849
888
866
880
889
885
878
871
881
865
856
880
876
868
869
850
904
857
866
860
878
876
857
859
839
870
871
866
867
851
860
878
845
867
847
893
829
848
827
868
831
835
850
826
861
828
814
860
822
837
859
845
830
833
820
853
854
834
835
849
846
797
809
818
848
830
826
774
813
785
842
845
835
809
819
774
820
849
835
829
828
851
803
809
817
802
798
801
817
814
808
845
838
811
781
805
836
822
791
802
793
775
810
832
807
805
814
816
748
773
783
779
797
783
762
795
769
790
784
777
788
774
775
763
746
799
790
787
777
779
767
787
765
765
776
768
801
756
803
766
761
794
768
777
790
789
781
783
768
759
781
764
780
755
760
766
796
753
772
780
754
765
762
755
736
743
749
777
742
740
746
719
764
736
755
776
768
750
762
743
745
759
767
733
715
768
748
724
747
740
779
747
751
757
727
747
728
708
764
753
748
730
724
733
732
767
747
714
679
690
738
726
719
734
729
719
707
738
743
713
733
742
722
735
708
720
752
753
723
714
701
725
712
716
724
729
715
723
744
698
706
726
723
705
699
756
691
721
726
719
723
696
713
698
703
738
733
696
718
692
680
717
720
728
705
698
702
699
713
726
703
707
706
709
711
710
661
680
730
706
701
681
657
695
692
695
695
674
700
710
704
705
718
698
665
708
685
684
692
679
676
662
673
677
680
682
672
703
677
687
656
680
661
655
677
661
658
676
682
694
687
682
671
682
679
682
624
675
668
644
660
690
638
676
665
666
651
662
678
663
689
621
679
661
659
655
672
662
648
614
661
662
653
661
674
656
653
670
666
653
678
641
626
642
650
633
626
657
647
657
649
642
638
640
639
653
631
631
629
630
586
662
655
648
661
640
630
637
643
622
628
621
645
623
669
631
636
641
633
665
640
613
615
647
625
644
615
643
630
625
626
621
617
623
631
632
630
631
623
621
634
612
622
611
618
621
622
631
629
627
638
627
619
636
615
628
630
650
614
630
608
640
608
623
627
615
616
632
627
613
591
626
640
620
628
589
612
598
616
632
610
621
583
613
564
597
607
605
609
622
616
604
624
578
617
603
599
621
593
624
608
604
616
605
603
615
597
611
591
598
595
595
591
595
605
592
586
608
590
588
583
595
582
591
581
585
583
571
599
590
598
598
603
584
594
582
585
576
606
607
573
610
585
606
569
600
582
581
609
566
579
600
573
553
603
615
595
593
574
593
573
584
585
583
572
585
602
569
577
579
569
595
523
555
564
589
576
581
574
577
586
580
570
569
570
590
541
585
587
584
579
577
582
586
572
559
570
565
573
552
555
572
567
574
586
561
573
567
591
549
569
571
587
577
565
565
561
586
537
573
557
537
567
553
558
554
586
572
540
556
581
548
561
581
576
550
551
556
562
574
581
564
558
556
566
542
552
569
559
517
576
545
564
546
558
544
555
555
568
512
556
571
570
521
545
558
529
531
539
537
516
540
553
546
552
551
563
544
546
544
558
546
556
523
574
563
556
527
552
515
544
541
560
526
537
541
548
543
524
541
521
519
519
521
534
532
520
542
532
537
544
550
535
522
510
536
521
550
523
530
526
520
498
507
515
530
520
528
499
524
537
516
500
534
527
531
527
512
519
506
507
517
541
535
530
524
496
524
518
514
513
510
510
510
546
521
503
507
509
516
498
517
515
478
499
500
521
520
494
517
510
504
497
505
513
511
496
515
516
484
504
515
509
510
471
500
494
497
503
521
501
536
511
503
490
519
500
511
515
502
492
485
515
492
519
497
501
516
494
493
497
501
453
497
504
505
490
482
495
499
501
512
494
456
495
499
481
472
491
485
480
482
481
493
500
499
470
470
487
483
496
490
486
497
498
471
478
490
490
489
480
487
493
477
492
532
460
480
490
475
506
501
498
478
436
486
479
472
476
481
486
482
476
448
467
482
479
469
457
487
486
481
488
468
477
481
472
482
499
446
457
487
495
454
500
474
481
470
494
471
473
465
480
485
442
463
465
470
472
474
459
471
481
469
476
495
453
469
471
459
472
442
461
452
472
461
458
462
462
457
464
468
475
474
444
470
471
464
455
453
445
440
448
457
459
443
477
478
473
457
449
453
461
467
464
441
462
452
475
455
452
465
461
450
460
453
463
460
460
446
442
436
445
462
454
467
479
454
444
467
477
444
450
442
445
446
448
445
466
442
444
426
437
464
442
416
463
442
443
449
456
431
431
445
472
448
437
430
443
440
437
448
444
444
446
450
434
448
434
434
449
421
430
445
463
458
428
448
430
434
457
406
447
426
418
440
434
433
436
429
406
441
412
430
455
433
396
454
440
443
413
451
439
448
459
440
411
417
423
440
436
442
427
421
432
409
409
444
420
421
432
396
432
434
432
404
438
406
438
434
425
420
409
420
432
420
407
433
438
413
429
422
426
415
430
415
428
428
422
425
421
437
432
414
408
406
421
427
428
436
418
405
409
425
401
406
389
410
418
410
405
415
422
398
408
436
430
407
396
392
421
407
430
400
410
432
412
426
403
406
400
416
403
399
383
407
402
394
415
394
388
415
422
401
388
408
416
425
403
402
410
412
388
417
409
403
416
402
424
411
395
410
407
411
387
399
412
410
413
387
408
411
403
401
396
410
370
402
397
418
417
415
410
423
404
395
374
397
379
407
392
406
421
395
399
405
393
404
379
390
387
391
403
396
403
398
402
396
394
393
369
413
362
390
388
394
398
395
379
384
421
401
395
413
384
384
387
401
397
351
391
391
381
407
376
398
407
362
396
397
405
395
380
392
388
386
381
379
389
390
376
400
396
395
362
386
373
377
383
390
373
374
370
369
396
390
396
404
384
417
389
392
381
385
374
392
390
393
374
390
389
371
366
377
378
354
384
379
369
365
366
375
379
364
363
353
372
377
376
367
372
392
364
391
377
363
357
377
383
358
372
378
363
370
370
378
370
369
369
372
373
381
367
387
374
373
376
356
370
377
373
369
354
384
377
381
381
363
362
374
352
364
382
350
360
359
369
364
377
364
379
359
379
360
368
361
354
362
374
379
366
375
351
379
361
374
342
359
354
347
356
356
361
340
363
347
363
364
359
360
365
364
365
361
346
349
357
361
353
380
352
357
368
359
342
338
372
368
355
357
375
352
357
362
366
346
345
337
358
343
357
362
339
353
351
328
367
295
355
346
334
357
339
342
347
341
343
352
350
340
331
349
362
360
351
332
352
356
348
352
355
347
341
356
361
350
353
341
345
361
349
356
336
345
346
351
343
326
361
337
324
337
337
343
331
343
361
346
348
339
358
356
343
333
362
348
333
352
352
339
330
353
341
348
336
351
339
351
326
353
317
346
346
336
328
347
328
348
338
358
327
333
346
333
337
334
326
327
345
346
360
335
342
338
332
341
365
359
336
356
339
342
341
342
314
317
319
345
312
335
342
313
315
324
309
339
341
334
331
336
331
333
344
330
343
330
320
324
343
329
327
322
312
331
330
326
320
329
322
333
330
323
330
324
338
327
310
331
312
326
314
334
331
311
329
311
339
330
321
315
308
296
326
316
309
317
349
318
320
333
331
333
320
342
332
315
330
329
323
320
324
316
319
302
310
318
331
300
335
316
336
316
310
312
332
322
322
325
315
319
328
328
305
305
319
311
328
312
312
322
315
335
314
318
315
294
308
315
311
321
301
311
323
325
301
315
297
308
322
306
318
312
309
315
322
309
322
288
302
287
322
309
303
314
297
321
304
317
308
299
323
310
301
309
312
316
312
295
312
316
310
305
307
310
309
309
306
315
300
293
312
312
321
311
292
289
267
301
308
312
309
322
312
323
310
290
292
290
318
308
307
299
307
302
317
321
315
304
303
316
308
288
310
318
306
300
305
308
301
312
306
304
304
313
290
296
303
297
290
306
313
306
306
306
311
311
308
318
286
291
293
299
302
290
304
307
285
296
288
296
285
282
288
289
308
306
280
306
295
321
295
288
292
300
285
295
303
286
310
312
288
293
292
295
296
288
295
298
301
293
283
278
306
300
291
305
300
294
295
285
273
287
297
301
295
279
273
294
297
298
299
287
272
288
276
308
272
289
280
303
288
311
289
286
290
285
312
284
283
291
292
289
281
284
304
287
275
275
304
297
280
282
259
275
285
285
273
314
284
293
296
283
275
286
285
274
290
291
290
294
291
263
286
281
281
270
278
279
272
278
303
287
290
280
270
283
276
280
294
290
270
282
296
279
267
305
281
295
279
270
294
274
286
285
297
295
282
272
286
289
265
278
270
273
272
269
282
293
271
285
272
272
280
282
265
284
276
282
275
289
286
284
265
267
278
286
291
275
291
269
280
272
270
263
283
271
269
288
276
269
277
259
259
277
285
295
273
275
292
266
274
268
270
276
268
275
270
270
279
271
270
270
286
265
279
264
272
278
274
262
261
268
275
266
264
269
258
270
270
269
269
266
256
268
266
282
261
258
260
262
268
256
269
270
276
264
263
274
270
263
270
266
271
265
275
266
261
255
279
275
274
265
265
268
269
262
261
272
250
255
283
276
267
263
248
274
259
261
270
256
261
269
279
249
255
261
259
261
250
266
247
247
262
268
259
258
256
261
240
265
251
258
247
268
267
271
257
263
264
258
256
259
270
262
248
254
282
259
262
258
255
271
267
243
265
259
263
256
259
249
266
251
260
247
242
257
276
255
273
264
244
245
252
254
263
256
240
245
257
265
250
260
244
244
258
246
243
263
264
253
241
258
251
268
258
253
251
253
258
251
272
233
238
262
244
249
237
260
243
253
248
252
252
240
257
261
260
248
240
247
245
253
245
244
249
240
229
236
243
245
231
248
244
225
265
244
239
252
228
233
252
245
233
258
235
235
244
236
271
235
245
251
242
240
232
245
244
223
248
247
247
247
248
246
231
251
243
252
244
245
254
251
241
241
229
253
257
240
241
244
265
236
240
263
247
244
251
227
248
216
234
236
240
247
248
231
244
245
237
227
234
220
227
232
248
247
246
232
230
234
238
229
227
231
230
220
217
245
246
231
236
237
241
222
242
233
228
240
238
233
249
245
225
248
227
231
241
237
230
228
236
233
235
233
223
234
234
244
231
228
233
234
236
233
227
234
227
229
231
237
228
243
226
213
226
231
231
227
222
239
247
218
242
232
244
232
211
218
231
232
235
218
221
224
235
232
221
225
223
236
233
233
225
222
227
230
224
247
237
216
219
231
233
236
215
244
219
231
229
238
216
232
232
228
231
234
231
221
232
217
220
235
222
216
234
210
217
219
215
238
217
233
204
227
229
226
243
221
212
223
221
235
202
203
223
222
221
211
233
215
230
237
239
220
215
225
242
223
222
217
228
233
213
223
211
226
223
206
217
232
217
232
220
230
227
218
206
225
228
206
213
215
194
208
221
232
219
229
211
218
211
220
207
219
224
208
219
226
222
215
221
207
216
200
220
224
216
223
227
216
202
225
217
210
213
210
216
221
214
205
217
215
210
221
221
216
224
221
222
214
200
206
224
209
208
225
215
218
204
218
218
205
234
208
207
210
204
214
202
216
226
206
203
200
216
211
219
210
223
211
195
211
210
210
200
206
209
205
213
224
212
210
214
217
216
206
197
214
212
207
206
206
204
229
205
196
213
204
206
206
217
216
206
208
200
216
200
226
214
207
203
217
207
218
186
223
205
196
203
209
214
218
199
199
207
202
204
173
202
198
202
207
209
187
214
197
205
194
202
217
218
200
200
222
194
190
195
198
204
224
196
200
212
195
199
211
215
192
222
198
197
203
198
205
204
206
186
204
206
204
201
196
198
211
199
192
200
210
205
199
203
198
205
197
184
197
196
177
206
205
206
209
199
204
174
205
213
210
191
189
173
191
188
204
210
207
203
187
198
197
199
182
203
201
181
201
207
213
184
191
187
204
188
203
201
191
190
193
198
188
197
200
185
190
176
188
185
197
193
193
195
193
196
194
203
209
193
191
200
203
192
177
202
194
196
193
194
179
192
157
184
194
191
192
193
184
202
187
184
191
185
191
191
192
188
191
180
196
185
216
188
206
204
188
185
183
204
187
188
194
179
191
196
193
198
177
181
187
190
177
197
182
192
185
181
188
190
191
168
193
183
183
175
176
171
178
183
191
190
186
191
185
178
187
189
166
178
199
198
186
175
185
180
180
180
178
182
201
191
176
197
181
187
189
192
157
180
176
170
184
185
176
183
173
175
193
190
174
188
170
200
180
165
183
181
189
188
195
180
178
192
181
179
171
181
190
178
183
185
178
180
179
185
169
180
194
179
186
173
177
180
189
187
174
193
181
173
180
188
173
180
180
171
179
167
182
173
168
173
185
173
177
178
182
190
186
169
172
176
179
180
172
173
184
171
175
184
189
175
177
173
174
204
178
173
181
167
183
165
174
179
162
171
168
165
183
169
177
150
172
168
179
172
139
165
175
187
168
179
190
177
172
170
169
174
175
168
169
176
166
169
160
177
169
171
149
171
160
170
145
162
172
172
179
162
163
148
175
161
160
163
171
180
168
161
172
153
171
171
165
166
154
160
167
162
170
166
160
167
153
162
178
158
156
179
152
160
160
166
165
146
165
152
158
158
160
138
170
137
165
164
146
169
171
168
159
161
161
164
147
170
152
142
148
154
151
157
154
143
148
149
168
139
149
163
146
134
153
145
132
155
158
165
134
144
147
149
140
148
140
133
149
143
139
148
140
132
140
135
138
132
139
157
147
145
124
139
128
111
130
127
111
128
126
130
